intersect_bp,f_orig_query,f_match,f_unique_to_query,f_unique_weighted,average_abund,median_abund,std_abund,filename,name,md5,f_match_orig,unique_intersect_bp,gather_result_rank,remaining_bp,query_filename,query_name,query_md5,query_bp,ksize,moltype,scaled,query_n_hashes,query_abundance,query_containment_ani,match_containment_ani,average_containment_ani,max_containment_ani,potential_false_negative,n_unique_weighted_found,sum_weighted_found,total_weighted_hashes,lineage
5425000,0.001998281293913843,0.9685770398143189,0.001998281293913843,0.001998281293913843,,,,/projects/LINbase_BR/Project_Sarah/classification_pipeline/sourmash_test/lin_test/RSSC_lin_database.zip,GCF_013306015.1 Ralstonia solanacearum (b-proteobacteria),a1cd40fd2eba4df72084139299b59fae,0.9685770398143189,5425000,0,2709408000,/projects/LINbase_BR/Project_Sarah/classification_pipeline/sourmash_test/lin_test/metagenome_files/SRR29654720_2.fastq.gz,SRR29654720,57e826e8,2714833000,31,DNA,1000,2714833,False,0.8183223394723687,0.9989706187637909,0.9086464791180797,0.9989706187637909,False,,5425,2714833,864;0;0;1;0;1;0;0;0;0;2;1;0;2;0;0;0;0;0;0
1160000,0.0004272822674543885,0.03701677607585704,7.4774396804518e-05,7.4774396804518e-05,,,,/projects/LINbase_BR/Project_Sarah/classification_pipeline/sourmash_test/lin_test/RSSC_lin_database.zip,GCF_003515445.1 Ralstonia solanacearum (b-proteobacteria),8d7fe9dd139839fd7161f42c5f33d40a,0.21152443471918309,203000,1,2709205000,/projects/LINbase_BR/Project_Sarah/classification_pipeline/sourmash_test/lin_test/metagenome_files/SRR29654720_2.fastq.gz,SRR29654720,57e826e8,2714833000,31,DNA,1000,2714833,False,0.7785981776448847,0.9511246490799544,0.8648614133624195,0.9511246490799544,False,,5628,2714833,864;0;0;1;0;2;0;0;0;1;0;0;0;0;0;0;0;1;0;0
2206000,0.0008125730017279147,0.030647196682891654,6.261895298900522e-05,6.261895298900522e-05,,,,/projects/LINbase_BR/Project_Sarah/classification_pipeline/sourmash_test/lin_test/RSSC_lin_database.zip,GCF_000427195.1 Ralstonia solanacearum CMR15,6260ddf94151a6b91723e3e0177c77ce,0.3976924463674058,170000,2,2709035000,/projects/LINbase_BR/Project_Sarah/classification_pipeline/sourmash_test/lin_test/metagenome_files/SRR29654720_2.fastq.gz,SRR29654720,57e826e8,2714833000,31,DNA,1000,2714833,False,0.7949103314844738,0.9706936136272922,0.882801972555883,0.9706936136272922,False,,5798,2714833,864;0;0;1;0;1;1;1;0;0;0;0;0;0;0;0;0;0;0;0
4599000,0.0016940268517437352,0.02026221692491061,4.383326709230365e-05,4.383326709230365e-05,,,,/projects/LINbase_BR/Project_Sarah/classification_pipeline/sourmash_test/lin_test/RSSC_lin_database.zip,GCF_001891105.1 Ralstonia pseudosolanacearum (b-proteobacteria),667bbba2a7ad008a4b4925d9a8364fa9,0.7830750893921334,119000,3,2708916000,/projects/LINbase_BR/Project_Sarah/classification_pipeline/sourmash_test/lin_test/metagenome_files/SRR29654720_2.fastq.gz,SRR29654720,57e826e8,2714833000,31,DNA,1000,2714833,False,0.8139736234289863,0.9921430706243901,0.9030583470266882,0.9921430706243901,False,,5917,2714833,864;0;0;1;0;1;0;0;0;0;3;0;0;0;1;0;0;0;0;0
861000,0.00031714657955019703,0.018590501943552475,4.051814605170926e-05,4.051814605170926e-05,,,,/projects/LINbase_BR/Project_Sarah/classification_pipeline/sourmash_test/lin_test/RSSC_lin_database.zip,GCF_023076315.1 Ralstonia solanacearum,6175edf7299e4cf5cb647f72e88bbd1f,0.14551292884907893,110000,4,2708806000,/projects/LINbase_BR/Project_Sarah/classification_pipeline/sourmash_test/lin_test/metagenome_files/SRR29654720_2.fastq.gz,SRR29654720,57e826e8,2714833000,31,DNA,1000,2714833,False,0.7711474385744594,0.9397164410482601,0.8554319398113598,0.9397164410482601,False,,6027,2714833,864;0;0;1;0;0;0;1;0;0;4;1;0;0;0;0;0;0;0;0
2101000,0.0007738965895876469,0.01852902249952732,3.609798466425006e-05,3.609798466425006e-05,,,,/projects/LINbase_BR/Project_Sarah/classification_pipeline/sourmash_test/lin_test/RSSC_lin_database.zip,GCF_001644855.1 Ralstonia solanacearum (b-proteobacteria),65534eecf6ba02b08b2a2b0c5c76f976,0.39723955379088677,98000,5,2708708000,/projects/LINbase_BR/Project_Sarah/classification_pipeline/sourmash_test/lin_test/metagenome_files/SRR29654720_2.fastq.gz,SRR29654720,57e826e8,2714833000,31,DNA,1000,2714833,False,0.7936608052700214,0.9706579350308169,0.8821593701504191,0.9706579350308169,False,,6125,2714833,864;0;0;1;0;1;1;0;0;0;0;0;1;0;0;0;0;0;0;0
2145000,0.0007901038480083306,0.01216589861751152,2.4310887631025555e-05,2.4310887631025555e-05,,,,/projects/LINbase_BR/Project_Sarah/classification_pipeline/sourmash_test/lin_test/RSSC_lin_database.zip,GCF_029220045.1 Ralstonia pseudosolanacearum,da04d124ab45a22dd3de93551393e829,0.3953917050691244,66000,6,2708642000,/projects/LINbase_BR/Project_Sarah/classification_pipeline/sourmash_test/lin_test/metagenome_files/SRR29654720_2.fastq.gz,SRR29654720,57e826e8,2714833000,31,DNA,1000,2714833,False,0.7941916122897367,0.9705119535192076,0.8823517829044721,0.9705119535192076,False,,6191,2714833,864;0;0;1;0;1;1;1;1;0;0;1;0;0;0;0;0;0;0;0
4329000,0.0015945732205259035,0.011500353857041755,2.394254084873729e-05,2.394254084873729e-05,,,,/projects/LINbase_BR/Project_Sarah/classification_pipeline/sourmash_test/lin_test/RSSC_lin_database.zip,GCF_015912195.1 Ralstonia pseudosolanacearum (b-proteobacteria),6b28f16ab3a5bd9c9575d7eb48bed029,0.7659235668789809,65000,7,2708577000,/projects/LINbase_BR/Project_Sarah/classification_pipeline/sourmash_test/lin_test/metagenome_files/SRR29654720_2.fastq.gz,SRR29654720,57e826e8,2714833000,31,DNA,1000,2714833,False,0.8123865503226502,0.9914345428615261,0.9019105465920881,0.9914345428615261,False,,6256,2714833,864;0;0;1;0;1;0;0;0;0;6;1;0;0;0;0;0;2;0;0
4436000,0.001633986326230748,0.00945753033547466,1.9522379461278097e-05,1.9522379461278097e-05,,,,/projects/LINbase_BR/Project_Sarah/classification_pipeline/sourmash_test/lin_test/RSSC_lin_database.zip,GCF_023077395.1 Ralstonia pseudosolanacearum,679be5cca074e324e606ca90ee4d1003,0.7915774446823698,53000,8,2708524000,/projects/LINbase_BR/Project_Sarah/classification_pipeline/sourmash_test/lin_test/metagenome_files/SRR29654720_2.fastq.gz,SRR29654720,57e826e8,2714833000,31,DNA,1000,2714833,False,0.8130266616340928,0.9924887527994528,0.9027577072167727,0.9924887527994528,False,,6309,2714833,864;0;0;1;0;1;0;0;0;0;3;2;0;0;0;0;0;0;0;0
